{
 "cells": [
  {
   "cell_type": "code",
   "execution_count": 1,
   "id": "2484e771",
   "metadata": {},
   "outputs": [],
   "source": [
    "import numpy as np\n",
    "import pandas as pd\n",
    "import difflib\n",
    "from sklearn.feature_extraction.text import TfidfVectorizer\n",
    "from sklearn.metrics.pairwise import cosine_similarity"
   ]
  },
  {
   "cell_type": "code",
   "execution_count": 2,
   "id": "c2c7ecf6",
   "metadata": {},
   "outputs": [],
   "source": [
    "data = pd.read_csv(\"./book50.csv\")"
   ]
  },
  {
   "cell_type": "code",
   "execution_count": 3,
   "id": "3f9ee478",
   "metadata": {},
   "outputs": [
    {
     "data": {
      "text/html": [
       "<div>\n",
       "<style scoped>\n",
       "    .dataframe tbody tr th:only-of-type {\n",
       "        vertical-align: middle;\n",
       "    }\n",
       "\n",
       "    .dataframe tbody tr th {\n",
       "        vertical-align: top;\n",
       "    }\n",
       "\n",
       "    .dataframe thead th {\n",
       "        text-align: right;\n",
       "    }\n",
       "</style>\n",
       "<table border=\"1\" class=\"dataframe\">\n",
       "  <thead>\n",
       "    <tr style=\"text-align: right;\">\n",
       "      <th></th>\n",
       "      <th>index</th>\n",
       "      <th>city</th>\n",
       "      <th>country</th>\n",
       "      <th>continent</th>\n",
       "      <th>latitude</th>\n",
       "      <th>longitude</th>\n",
       "      <th>overall_rate</th>\n",
       "      <th>genres</th>\n",
       "      <th>keywords</th>\n",
       "      <th>event_cost</th>\n",
       "      <th>event_feedback</th>\n",
       "      <th>city_condition</th>\n",
       "      <th>weather_condition</th>\n",
       "      <th>facilities_feedback</th>\n",
       "    </tr>\n",
       "  </thead>\n",
       "  <tbody>\n",
       "    <tr>\n",
       "      <th>0</th>\n",
       "      <td>0</td>\n",
       "      <td>London</td>\n",
       "      <td>United Kingdom</td>\n",
       "      <td>Europe</td>\n",
       "      <td>51.5074</td>\n",
       "      <td>-0.1278</td>\n",
       "      <td>4.7</td>\n",
       "      <td>Finance</td>\n",
       "      <td>Fintech, banking, innovation</td>\n",
       "      <td>6500</td>\n",
       "      <td>The event provided valuable insights into the ...</td>\n",
       "      <td>London was vibrant and offered a mix of histor...</td>\n",
       "      <td>The weather was mild with occasional rain.</td>\n",
       "      <td>The facilities provided were excellent, with s...</td>\n",
       "    </tr>\n",
       "    <tr>\n",
       "      <th>1</th>\n",
       "      <td>1</td>\n",
       "      <td>New York City</td>\n",
       "      <td>United States</td>\n",
       "      <td>North America</td>\n",
       "      <td>40.7128</td>\n",
       "      <td>-74.0060</td>\n",
       "      <td>4.6</td>\n",
       "      <td>Finance</td>\n",
       "      <td>Fintech, digital innovation, startups</td>\n",
       "      <td>6500</td>\n",
       "      <td>The event provided valuable networking opportu...</td>\n",
       "      <td>New York City was lively with a diverse range ...</td>\n",
       "      <td>The weather was sunny and warm, perfect for ou...</td>\n",
       "      <td>The facilities provided were excellent, with s...</td>\n",
       "    </tr>\n",
       "    <tr>\n",
       "      <th>2</th>\n",
       "      <td>2</td>\n",
       "      <td>Shanghai</td>\n",
       "      <td>China</td>\n",
       "      <td>Asia</td>\n",
       "      <td>31.2304</td>\n",
       "      <td>121.4737</td>\n",
       "      <td>4.1</td>\n",
       "      <td>E-commerce</td>\n",
       "      <td>Online marketplace, digital payments, globaliz...</td>\n",
       "      <td>6000</td>\n",
       "      <td>The event showcased the latest trends in e-com...</td>\n",
       "      <td>Shanghai was a vibrant metropolis with a blend...</td>\n",
       "      <td>The weather was humid with occasional rainfall.</td>\n",
       "      <td>The facilities provided were satisfactory, but...</td>\n",
       "    </tr>\n",
       "    <tr>\n",
       "      <th>3</th>\n",
       "      <td>3</td>\n",
       "      <td>Paris</td>\n",
       "      <td>France</td>\n",
       "      <td>Europe</td>\n",
       "      <td>48.8566</td>\n",
       "      <td>2.3522</td>\n",
       "      <td>4.7</td>\n",
       "      <td>Fashion</td>\n",
       "      <td>Haute couture, luxury brands, fashion trends</td>\n",
       "      <td>7000</td>\n",
       "      <td>The event celebrated the world of fashion and ...</td>\n",
       "      <td>Paris was romantic and offered a blend of art,...</td>\n",
       "      <td>The weather was pleasant with mild temperatures.</td>\n",
       "      <td>The facilities provided were excellent, with l...</td>\n",
       "    </tr>\n",
       "    <tr>\n",
       "      <th>4</th>\n",
       "      <td>4</td>\n",
       "      <td>Tokyo</td>\n",
       "      <td>Japan</td>\n",
       "      <td>Asia</td>\n",
       "      <td>35.6895</td>\n",
       "      <td>139.6917</td>\n",
       "      <td>4.5</td>\n",
       "      <td>Technology</td>\n",
       "      <td>Robotics, AI, future technology</td>\n",
       "      <td>6000</td>\n",
       "      <td>The event showcased cutting-edge technology an...</td>\n",
       "      <td>Tokyo was a bustling metropolis with a mix of ...</td>\n",
       "      <td>The weather was pleasant and mild.</td>\n",
       "      <td>The facilities provided were excellent, with a...</td>\n",
       "    </tr>\n",
       "  </tbody>\n",
       "</table>\n",
       "</div>"
      ],
      "text/plain": [
       "   index           city         country      continent  latitude  longitude  \\\n",
       "0      0         London  United Kingdom         Europe   51.5074    -0.1278   \n",
       "1      1  New York City   United States  North America   40.7128   -74.0060   \n",
       "2      2       Shanghai           China           Asia   31.2304   121.4737   \n",
       "3      3          Paris          France         Europe   48.8566     2.3522   \n",
       "4      4          Tokyo           Japan           Asia   35.6895   139.6917   \n",
       "\n",
       "   overall_rate      genres  \\\n",
       "0           4.7     Finance   \n",
       "1           4.6     Finance   \n",
       "2           4.1  E-commerce   \n",
       "3           4.7     Fashion   \n",
       "4           4.5  Technology   \n",
       "\n",
       "                                            keywords  event_cost  \\\n",
       "0                       Fintech, banking, innovation        6500   \n",
       "1              Fintech, digital innovation, startups        6500   \n",
       "2  Online marketplace, digital payments, globaliz...        6000   \n",
       "3       Haute couture, luxury brands, fashion trends        7000   \n",
       "4                    Robotics, AI, future technology        6000   \n",
       "\n",
       "                                      event_feedback  \\\n",
       "0  The event provided valuable insights into the ...   \n",
       "1  The event provided valuable networking opportu...   \n",
       "2  The event showcased the latest trends in e-com...   \n",
       "3  The event celebrated the world of fashion and ...   \n",
       "4  The event showcased cutting-edge technology an...   \n",
       "\n",
       "                                      city_condition  \\\n",
       "0  London was vibrant and offered a mix of histor...   \n",
       "1  New York City was lively with a diverse range ...   \n",
       "2  Shanghai was a vibrant metropolis with a blend...   \n",
       "3  Paris was romantic and offered a blend of art,...   \n",
       "4  Tokyo was a bustling metropolis with a mix of ...   \n",
       "\n",
       "                                   weather_condition  \\\n",
       "0         The weather was mild with occasional rain.   \n",
       "1  The weather was sunny and warm, perfect for ou...   \n",
       "2    The weather was humid with occasional rainfall.   \n",
       "3   The weather was pleasant with mild temperatures.   \n",
       "4                 The weather was pleasant and mild.   \n",
       "\n",
       "                                 facilities_feedback  \n",
       "0  The facilities provided were excellent, with s...  \n",
       "1  The facilities provided were excellent, with s...  \n",
       "2  The facilities provided were satisfactory, but...  \n",
       "3  The facilities provided were excellent, with l...  \n",
       "4  The facilities provided were excellent, with a...  "
      ]
     },
     "execution_count": 3,
     "metadata": {},
     "output_type": "execute_result"
    }
   ],
   "source": [
    "data.head()"
   ]
  },
  {
   "cell_type": "code",
   "execution_count": 4,
   "id": "918262fa",
   "metadata": {},
   "outputs": [
    {
     "data": {
      "text/plain": [
       "(31, 14)"
      ]
     },
     "execution_count": 4,
     "metadata": {},
     "output_type": "execute_result"
    }
   ],
   "source": [
    "data.shape"
   ]
  },
  {
   "cell_type": "code",
   "execution_count": 5,
   "id": "70746003",
   "metadata": {},
   "outputs": [],
   "source": [
    "# combining all the selected features\n",
    "\n",
    "combined_features = data['genres']+' '+data['keywords']+' '+data['event_feedback']+' '+data['city_condition']+' '+data['weather_condition']+' '+data['facilities_feedback']"
   ]
  },
  {
   "cell_type": "code",
   "execution_count": 6,
   "id": "1ce0b312",
   "metadata": {},
   "outputs": [
    {
     "name": "stdout",
     "output_type": "stream",
     "text": [
      "0     Finance Fintech, banking, innovation The event...\n",
      "1     Finance Fintech, digital innovation, startups ...\n",
      "2     E-commerce Online marketplace, digital payment...\n",
      "3     Fashion Haute couture, luxury brands, fashion ...\n",
      "4     Technology Robotics, AI, future technology The...\n",
      "5     Technology Innovation, entrepreneurship, tech ...\n",
      "6     Business Business networking, luxury hospitali...\n",
      "7     Business Business innovation, tech startups, d...\n",
      "8     Digital Marketing Digital advertising, marketi...\n",
      "9     Technology Tech startups, artificial intellige...\n",
      "10    Technology K-pop, gaming industry, technology ...\n",
      "11    Technology Tech innovation, entrepreneurship, ...\n",
      "12    Sustainable Development Green technologies, su...\n",
      "13    Finance Financial hub, fintech, innovation The...\n",
      "14    Film Bollywood, film production, entertainment...\n",
      "15    Finance Cryptocurrency, banking, financial tec...\n",
      "16    Sports Olympic Games, sports events, tourism T...\n",
      "17    Technology AI development, tech innovation, ma...\n",
      "18    Technology Tech startups, innovation ecosystem...\n",
      "19    Technology Startups, innovation ecosystem, sus...\n",
      "20    Business Business networking, entrepreneurship...\n",
      "21    Entertainment Film industry, entertainment bus...\n",
      "22    Technology Digital commerce, tech startups, e-...\n",
      "23    Art Art exhibitions, cultural heritage, contem...\n",
      "24    Entrepreneurship Social entrepreneurship, sust...\n",
      "25    Art Art history, cultural heritage, ancient ci...\n",
      "26    Technology Tech startups, entrepreneurship, di...\n",
      "27    History Ancient civilization, archaeological d...\n",
      "28    Technology Automotive innovation, electric veh...\n",
      "29    Culture Cultural diversity, historical landmar...\n",
      "30    Art Art exhibitions, tango performances, cultu...\n",
      "dtype: object\n"
     ]
    }
   ],
   "source": [
    "print(combined_features)"
   ]
  },
  {
   "cell_type": "code",
   "execution_count": 7,
   "id": "cd8d0717",
   "metadata": {},
   "outputs": [],
   "source": [
    "# converting the text data to feature vectors\n",
    "\n",
    "vectorizer = TfidfVectorizer()"
   ]
  },
  {
   "cell_type": "code",
   "execution_count": 8,
   "id": "a925d4cd",
   "metadata": {},
   "outputs": [],
   "source": [
    "feature_vectors = vectorizer.fit_transform(combined_features)"
   ]
  },
  {
   "cell_type": "code",
   "execution_count": 9,
   "id": "476b3210",
   "metadata": {},
   "outputs": [
    {
     "name": "stdout",
     "output_type": "stream",
     "text": [
      "  (0, 247)\t0.2027048497128504\n",
      "  (0, 53)\t0.1302242537124601\n",
      "  (0, 13)\t0.1516965099147576\n",
      "  (0, 254)\t0.2027048497128504\n",
      "  (0, 99)\t0.10581477154853694\n",
      "  (0, 292)\t0.06020119037569938\n",
      "  (0, 104)\t0.06020119037569938\n",
      "  (0, 216)\t0.1302242537124601\n",
      "  (0, 194)\t0.1244864674333178\n",
      "  (0, 293)\t0.1281729723465368\n",
      "  (0, 180)\t0.10581477154853694\n",
      "  (0, 291)\t0.06020119037569938\n",
      "  (0, 21)\t0.185386046501505\n",
      "  (0, 184)\t0.10192947575096793\n",
      "  (0, 128)\t0.1436577611262365\n",
      "  (0, 195)\t0.1655163641160985\n",
      "  (0, 182)\t0.1436577611262365\n",
      "  (0, 196)\t0.2027048497128504\n",
      "  (0, 288)\t0.08555874237556593\n",
      "  (0, 290)\t0.12040238075139877\n",
      "  (0, 165)\t0.22711433187677355\n",
      "  (0, 269)\t0.1965596027030839\n",
      "  (0, 8)\t0.24080476150279753\n",
      "  (0, 139)\t0.1436577611262365\n",
      "  (0, 280)\t0.16097656433758187\n",
      "  :\t:\n",
      "  (30, 27)\t0.07018888655286577\n",
      "  (30, 61)\t0.07018888655286577\n",
      "  (30, 138)\t0.07018888655286577\n",
      "  (30, 245)\t0.07018888655286577\n",
      "  (30, 40)\t0.07018888655286577\n",
      "  (30, 229)\t0.07018888655286577\n",
      "  (30, 237)\t0.0754366003302059\n",
      "  (30, 114)\t0.12725970452959887\n",
      "  (30, 164)\t0.12725970452959887\n",
      "  (30, 47)\t0.05926768306217061\n",
      "  (30, 13)\t0.33680548945091626\n",
      "  (30, 292)\t0.04455407137450274\n",
      "  (30, 104)\t0.04455407137450274\n",
      "  (30, 216)\t0.09637717557389573\n",
      "  (30, 194)\t0.09213071902017715\n",
      "  (30, 293)\t0.04742952525167094\n",
      "  (30, 180)\t0.07831205420737408\n",
      "  (30, 291)\t0.04455407137450274\n",
      "  (30, 195)\t0.06124819006447399\n",
      "  (30, 288)\t0.063320846161414\n",
      "  (30, 290)\t0.08910814274900548\n",
      "  (30, 8)\t0.08910814274900548\n",
      "  (30, 215)\t0.04455407137450274\n",
      "  (30, 96)\t0.04455407137450274\n",
      "  (30, 271)\t0.17821628549801097\n"
     ]
    }
   ],
   "source": [
    "print(feature_vectors)"
   ]
  },
  {
   "cell_type": "code",
   "execution_count": 10,
   "id": "a4d0cbcc",
   "metadata": {},
   "outputs": [],
   "source": [
    "# getting the similarity scores using cosine similarity\n",
    "\n",
    "similarity = cosine_similarity(feature_vectors)"
   ]
  },
  {
   "cell_type": "code",
   "execution_count": 11,
   "id": "b973e4f5",
   "metadata": {},
   "outputs": [
    {
     "name": "stdout",
     "output_type": "stream",
     "text": [
      "[[1.         0.49824985 0.32628105 0.24979037 0.37979309 0.26019175\n",
      "  0.15190305 0.16810179 0.27211388 0.19427455 0.33228683 0.24728507\n",
      "  0.12091986 0.37804076 0.18408764 0.49107489 0.15124519 0.3537179\n",
      "  0.24116081 0.30246339 0.19296954 0.23307734 0.25008815 0.2322353\n",
      "  0.1426366  0.28362782 0.2179239  0.13751079 0.3211498  0.20222736\n",
      "  0.20695678]\n",
      " [0.49824985 1.         0.18552897 0.16157959 0.22658926 0.17014925\n",
      "  0.20985923 0.1961956  0.18557405 0.21902305 0.21675911 0.20914277\n",
      "  0.10004082 0.28104549 0.11711801 0.2377683  0.19785752 0.17250748\n",
      "  0.23244901 0.23478448 0.30008941 0.21532039 0.25385536 0.19195999\n",
      "  0.09919524 0.20027024 0.26281259 0.11402533 0.20795528 0.15046009\n",
      "  0.19287066]\n",
      " [0.32628105 0.18552897 1.         0.17921935 0.22786224 0.21685136\n",
      "  0.17760357 0.29108295 0.22179578 0.17851502 0.15532565 0.14907715\n",
      "  0.14117756 0.18001849 0.18663538 0.18990719 0.17262335 0.30717977\n",
      "  0.16557195 0.18138034 0.32528871 0.18050689 0.46502938 0.20695197\n",
      "  0.14969594 0.1789977  0.26090409 0.16535724 0.27328147 0.19147753\n",
      "  0.15796225]\n",
      " [0.24979037 0.16157959 0.17921935 1.         0.15389095 0.13218021\n",
      "  0.25585337 0.09553307 0.14168591 0.10870622 0.15674873 0.15229148\n",
      "  0.07751972 0.1262837  0.12392489 0.13782307 0.11601036 0.12393634\n",
      "  0.1245257  0.16324644 0.13485798 0.16657468 0.13232599 0.15382855\n",
      "  0.11196614 0.17855442 0.1219392  0.08036273 0.16289535 0.11655306\n",
      "  0.13338813]\n",
      " [0.37979309 0.22658926 0.22786224 0.15389095 1.         0.16512643\n",
      "  0.12613461 0.12752264 0.2335381  0.15026648 0.30143624 0.20328713\n",
      "  0.09903386 0.28948855 0.15871779 0.23161423 0.10160628 0.22788359\n",
      "  0.24153407 0.23642065 0.14594551 0.20810593 0.18832161 0.14902574\n",
      "  0.10365589 0.12147927 0.19039265 0.09938726 0.34132009 0.11517208\n",
      "  0.10110644]\n",
      " [0.26019175 0.17014925 0.21685136 0.13218021 0.16512643 1.\n",
      "  0.10373191 0.34961439 0.11444803 0.40826095 0.22027413 0.53288483\n",
      "  0.17021047 0.14334376 0.20786098 0.21489707 0.16653142 0.36001429\n",
      "  0.35486482 0.25484235 0.31407977 0.19067162 0.22223785 0.32616747\n",
      "  0.34657226 0.36200199 0.48088743 0.2620732  0.21942623 0.25918264\n",
      "  0.24123673]\n",
      " [0.15190305 0.20985923 0.17760357 0.25585337 0.12613461 0.10373191\n",
      "  1.         0.24885321 0.10474601 0.12037701 0.13049674 0.15981418\n",
      "  0.08474128 0.11181876 0.10050254 0.13312249 0.10905628 0.12630146\n",
      "  0.11748493 0.17077414 0.37328944 0.16959828 0.11239624 0.09307127\n",
      "  0.06978161 0.09303772 0.11099544 0.1110511  0.15240845 0.08856991\n",
      "  0.07768148]\n",
      " [0.16810179 0.1961956  0.29108295 0.09553307 0.12752264 0.34961439\n",
      "  0.24885321 1.         0.12685395 0.36428931 0.16714352 0.31399639\n",
      "  0.13094013 0.19537796 0.14944387 0.13109814 0.15020991 0.26216796\n",
      "  0.38354481 0.2519792  0.4599877  0.18725945 0.29518922 0.15315619\n",
      "  0.16392131 0.1466305  0.42362378 0.1540533  0.15149423 0.15042147\n",
      "  0.12912175]\n",
      " [0.27211388 0.18557405 0.22179578 0.14168591 0.2335381  0.11444803\n",
      "  0.10474601 0.12685395 1.         0.08450294 0.17297008 0.13074698\n",
      "  0.08817928 0.12272688 0.118847   0.15102313 0.11010472 0.1123936\n",
      "  0.23113281 0.14650268 0.1120422  0.14194808 0.18636993 0.08712942\n",
      "  0.10150515 0.08978507 0.18715048 0.06793929 0.12556108 0.10155007\n",
      "  0.08717056]\n",
      " [0.19427455 0.21902305 0.17851502 0.10870622 0.15026648 0.40826095\n",
      "  0.12037701 0.36428931 0.08450294 1.         0.19411467 0.32017275\n",
      "  0.13089951 0.15635396 0.15817147 0.19092769 0.14458242 0.37131381\n",
      "  0.39262427 0.36105623 0.22238131 0.17007205 0.30685657 0.15198779\n",
      "  0.17799532 0.15321846 0.39166441 0.14000393 0.16373217 0.16957003\n",
      "  0.13527337]\n",
      " [0.33228683 0.21675911 0.15532565 0.15674873 0.30143624 0.22027413\n",
      "  0.13049674 0.16714352 0.17297008 0.19411467 1.         0.25929442\n",
      "  0.09211689 0.27499372 0.17762449 0.26457289 0.11910273 0.30223249\n",
      "  0.25291265 0.34870711 0.13894787 0.38659321 0.23693727 0.116974\n",
      "  0.11189618 0.18555677 0.19242029 0.13180461 0.27107026 0.15849183\n",
      "  0.10201378]\n",
      " [0.24728507 0.20914277 0.14907715 0.15229148 0.20328713 0.53288483\n",
      "  0.15981418 0.31399639 0.13074698 0.32017275 0.25929442 1.\n",
      "  0.10781278 0.27514661 0.11201418 0.18097162 0.12863235 0.2293976\n",
      "  0.31275614 0.40178794 0.21591269 0.19705683 0.16595895 0.12517988\n",
      "  0.22882192 0.12557625 0.37778395 0.11722427 0.27367964 0.11860537\n",
      "  0.10690535]\n",
      " [0.12091986 0.10004082 0.14117756 0.07751972 0.09903386 0.17021047\n",
      "  0.08474128 0.13094013 0.08817928 0.13089951 0.09211689 0.10781278\n",
      "  1.         0.08069628 0.1206237  0.08267293 0.17373264 0.19871314\n",
      "  0.12030147 0.18274402 0.14012359 0.12284687 0.12014815 0.16783952\n",
      "  0.29954284 0.14903721 0.14683411 0.16424519 0.09567884 0.15519214\n",
      "  0.14469888]\n",
      " [0.37804076 0.28104549 0.18001849 0.1262837  0.28948855 0.14334376\n",
      "  0.11181876 0.19537796 0.12272688 0.15635396 0.27499372 0.27514661\n",
      "  0.08069628 1.         0.12112728 0.39361344 0.11381824 0.18031421\n",
      "  0.19747937 0.24939093 0.17314864 0.18184115 0.18864121 0.09934075\n",
      "  0.08965632 0.10639716 0.21621627 0.09904092 0.25272456 0.09417466\n",
      "  0.08885189]\n",
      " [0.18408764 0.11711801 0.18663538 0.12392489 0.15871779 0.20786098\n",
      "  0.10050254 0.14944387 0.118847   0.15817147 0.17762449 0.11201418\n",
      "  0.1206237  0.12112728 1.         0.10377467 0.13465534 0.16292666\n",
      "  0.15001483 0.12508513 0.19669579 0.50802447 0.19021302 0.20675113\n",
      "  0.10753952 0.17690564 0.20383493 0.17914912 0.14352353 0.18054187\n",
      "  0.16082064]\n",
      " [0.49107489 0.2377683  0.18990719 0.13782307 0.23161423 0.21489707\n",
      "  0.13312249 0.13109814 0.15102313 0.19092769 0.26457289 0.18097162\n",
      "  0.08267293 0.39361344 0.10377467 1.         0.10732407 0.27212353\n",
      "  0.25251167 0.20225009 0.12640492 0.20465709 0.15955874 0.15301723\n",
      "  0.12488699 0.16417231 0.18356221 0.13228203 0.27616004 0.14431143\n",
      "  0.13544546]\n",
      " [0.15124519 0.19785752 0.17262335 0.11601036 0.10160628 0.16653142\n",
      "  0.10905628 0.15020991 0.11010472 0.14458242 0.11910273 0.12863235\n",
      "  0.17373264 0.11381824 0.13465534 0.10732407 1.         0.16434562\n",
      "  0.09140728 0.1212658  0.19968918 0.15483351 0.14559122 0.15162435\n",
      "  0.1242041  0.14419072 0.20551139 0.12934456 0.13404724 0.1480553\n",
      "  0.14052833]\n",
      " [0.3537179  0.17250748 0.30717977 0.12393634 0.22788359 0.36001429\n",
      "  0.12630146 0.26216796 0.1123936  0.37131381 0.30223249 0.2293976\n",
      "  0.19871314 0.18031421 0.16292666 0.27212353 0.16434562 1.\n",
      "  0.21154891 0.30493935 0.20072247 0.17835048 0.29568272 0.21619423\n",
      "  0.24698206 0.26187363 0.25995816 0.20447663 0.3438792  0.31391253\n",
      "  0.21086803]\n",
      " [0.24116081 0.23244901 0.16557195 0.1245257  0.24153407 0.35486482\n",
      "  0.11748493 0.38354481 0.23113281 0.39262427 0.25291265 0.31275614\n",
      "  0.12030147 0.19747937 0.15001483 0.25251167 0.09140728 0.21154891\n",
      "  1.         0.26745166 0.1523068  0.22857522 0.27380943 0.21979078\n",
      "  0.12248533 0.16948171 0.36859878 0.17729879 0.19633684 0.17009089\n",
      "  0.15614192]\n",
      " [0.30246339 0.23478448 0.18138034 0.16324644 0.23642065 0.25484235\n",
      "  0.17077414 0.2519792  0.14650268 0.36105623 0.34870711 0.40178794\n",
      "  0.18274402 0.24939093 0.12508513 0.20225009 0.1212658  0.30493935\n",
      "  0.26745166 1.         0.1826595  0.20501882 0.2928162  0.13110145\n",
      "  0.22665743 0.15678722 0.27168987 0.10604708 0.31034827 0.16031329\n",
      "  0.10931547]\n",
      " [0.19296954 0.30008941 0.32528871 0.13485798 0.14594551 0.31407977\n",
      "  0.37328944 0.4599877  0.1120422  0.22238131 0.13894787 0.21591269\n",
      "  0.14012359 0.17314864 0.19669579 0.12640492 0.19968918 0.20072247\n",
      "  0.1523068  0.1826595  1.         0.23567412 0.24049235 0.17343686\n",
      "  0.22070786 0.17703036 0.33909487 0.14982583 0.12728293 0.21130316\n",
      "  0.14918124]\n",
      " [0.23307734 0.21532039 0.18050689 0.16657468 0.20810593 0.19067162\n",
      "  0.16959828 0.18725945 0.14194808 0.17007205 0.38659321 0.19705683\n",
      "  0.12284687 0.18184115 0.50802447 0.20465709 0.15483351 0.17835048\n",
      "  0.22857522 0.20501882 0.23567412 1.         0.15889114 0.15211218\n",
      "  0.1004399  0.15657444 0.15167943 0.1529345  0.23118396 0.16698304\n",
      "  0.13818004]\n",
      " [0.25008815 0.25385536 0.46502938 0.13232599 0.18832161 0.22223785\n",
      "  0.11239624 0.29518922 0.18636993 0.30685657 0.23693727 0.16595895\n",
      "  0.12014815 0.18864121 0.19021302 0.15955874 0.14559122 0.29568272\n",
      "  0.27380943 0.2928162  0.24049235 0.15889114 1.         0.1404846\n",
      "  0.13781041 0.18587953 0.36022329 0.1785827  0.16096126 0.18666844\n",
      "  0.12970601]\n",
      " [0.2322353  0.19195999 0.20695197 0.15382855 0.14902574 0.32616747\n",
      "  0.09307127 0.15315619 0.08712942 0.15198779 0.116974   0.12517988\n",
      "  0.16783952 0.09934075 0.20675113 0.15301723 0.15162435 0.21619423\n",
      "  0.21979078 0.13110145 0.17343686 0.15211218 0.1404846  1.\n",
      "  0.12567897 0.51579028 0.22234639 0.29989672 0.15410161 0.30461472\n",
      "  0.47590434]\n",
      " [0.1426366  0.09919524 0.14969594 0.11196614 0.10365589 0.34657226\n",
      "  0.06978161 0.16392131 0.10150515 0.17799532 0.11189618 0.22882192\n",
      "  0.29954284 0.08965632 0.10753952 0.12488699 0.1242041  0.24698206\n",
      "  0.12248533 0.22665743 0.22070786 0.1004399  0.13781041 0.12567897\n",
      "  1.         0.12683305 0.32030442 0.11899642 0.12629256 0.15500143\n",
      "  0.12042866]\n",
      " [0.28362782 0.20027024 0.1789977  0.17855442 0.12147927 0.36200199\n",
      "  0.09303772 0.1466305  0.08978507 0.15321846 0.18555677 0.12557625\n",
      "  0.14903721 0.10639716 0.17690564 0.16417231 0.14419072 0.26187363\n",
      "  0.16948171 0.15678722 0.17703036 0.15657444 0.18587953 0.51579028\n",
      "  0.12683305 1.         0.22880038 0.44206436 0.1611059  0.28611428\n",
      "  0.39179624]\n",
      " [0.2179239  0.26281259 0.26090409 0.1219392  0.19039265 0.48088743\n",
      "  0.11099544 0.42362378 0.18715048 0.39166441 0.19242029 0.37778395\n",
      "  0.14683411 0.21621627 0.20383493 0.18356221 0.20551139 0.25995816\n",
      "  0.36859878 0.27168987 0.33909487 0.15167943 0.36022329 0.22234639\n",
      "  0.32030442 0.22880038 1.         0.23426612 0.21122538 0.18241667\n",
      "  0.16441229]\n",
      " [0.13751079 0.11402533 0.16535724 0.08036273 0.09938726 0.2620732\n",
      "  0.1110511  0.1540533  0.06793929 0.14000393 0.13180461 0.11722427\n",
      "  0.16424519 0.09904092 0.17914912 0.13228203 0.12934456 0.20447663\n",
      "  0.17729879 0.10604708 0.14982583 0.1529345  0.1785827  0.29989672\n",
      "  0.11899642 0.44206436 0.23426612 1.         0.11298147 0.22106644\n",
      "  0.18715661]\n",
      " [0.3211498  0.20795528 0.27328147 0.16289535 0.34132009 0.21942623\n",
      "  0.15240845 0.15149423 0.12556108 0.16373217 0.27107026 0.27367964\n",
      "  0.09567884 0.25272456 0.14352353 0.27616004 0.13404724 0.3438792\n",
      "  0.19633684 0.31034827 0.12728293 0.23118396 0.16096126 0.15410161\n",
      "  0.12629256 0.1611059  0.21122538 0.11298147 1.         0.22842116\n",
      "  0.19102625]\n",
      " [0.20222736 0.15046009 0.19147753 0.11655306 0.11517208 0.25918264\n",
      "  0.08856991 0.15042147 0.10155007 0.16957003 0.15849183 0.11860537\n",
      "  0.15519214 0.09417466 0.18054187 0.14431143 0.1480553  0.31391253\n",
      "  0.17009089 0.16031329 0.21130316 0.16698304 0.18666844 0.30461472\n",
      "  0.15500143 0.28611428 0.18241667 0.22106644 0.22842116 1.\n",
      "  0.33180184]\n",
      " [0.20695678 0.19287066 0.15796225 0.13338813 0.10110644 0.24123673\n",
      "  0.07768148 0.12912175 0.08717056 0.13527337 0.10201378 0.10690535\n",
      "  0.14469888 0.08885189 0.16082064 0.13544546 0.14052833 0.21086803\n",
      "  0.15614192 0.10931547 0.14918124 0.13818004 0.12970601 0.47590434\n",
      "  0.12042866 0.39179624 0.16441229 0.18715661 0.19102625 0.33180184\n",
      "  1.        ]]\n"
     ]
    }
   ],
   "source": [
    "print(similarity)"
   ]
  },
  {
   "cell_type": "code",
   "execution_count": 12,
   "id": "8cd07c61",
   "metadata": {},
   "outputs": [
    {
     "name": "stdout",
     "output_type": "stream",
     "text": [
      "(31, 31)\n"
     ]
    }
   ],
   "source": [
    "print(similarity.shape)"
   ]
  },
  {
   "cell_type": "code",
   "execution_count": 13,
   "id": "dac842d6",
   "metadata": {},
   "outputs": [],
   "source": [
    "def Continent(cities):\n",
    "    index = data[data['continent'] == cities].index[0]\n",
    "    distance = sorted(list(enumerate(similarity[index])),reverse = True, key = lambda vector:vector[1])\n",
    "    for i in distance[0:5]:\n",
    "        print(data.iloc[i[0]].country)\n",
    "        print(data.iloc[i[0]].city)\n",
    "        print(data.iloc[i[0]].keywords)\n",
    "        print(data.iloc[i[0]].event_cost)\n",
    "        print(\"\\n\")"
   ]
  },
  {
   "cell_type": "code",
   "execution_count": 14,
   "id": "cb0049a9",
   "metadata": {},
   "outputs": [],
   "source": [
    "import joblib"
   ]
  },
  {
   "cell_type": "code",
   "execution_count": 15,
   "id": "9dec7971",
   "metadata": {},
   "outputs": [
    {
     "data": {
      "text/plain": [
       "['Continent.pkl']"
      ]
     },
     "execution_count": 15,
     "metadata": {},
     "output_type": "execute_result"
    }
   ],
   "source": [
    "joblib.dump(Continent,'Continent.pkl')"
   ]
  },
  {
   "cell_type": "code",
   "execution_count": 17,
   "id": "bf0143ec",
   "metadata": {},
   "outputs": [],
   "source": [
    "joblib.dump(similarity,open('./similarity.pkl','wb'))\n",
    "joblib.dump(data,open('./data.pkl','wb'))"
   ]
  },
  {
   "cell_type": "code",
   "execution_count": null,
   "id": "c4774b11",
   "metadata": {},
   "outputs": [],
   "source": []
  }
 ],
 "metadata": {
  "kernelspec": {
   "display_name": "Python 3 (ipykernel)",
   "language": "python",
   "name": "python3"
  },
  "language_info": {
   "codemirror_mode": {
    "name": "ipython",
    "version": 3
   },
   "file_extension": ".py",
   "mimetype": "text/x-python",
   "name": "python",
   "nbconvert_exporter": "python",
   "pygments_lexer": "ipython3",
   "version": "3.11.4"
  }
 },
 "nbformat": 4,
 "nbformat_minor": 5
}
